1 20.1108 15.4695 7.49529 7.5
2 84.0627 7.90275 7.49458 7.5
3 61.7023 21.0093 7.49233 7.5
4 129.141 7.51104 7.49534 7.5
5 7.46163 7.4773 7.4866 7.5
6 33.0992 22.91 7.47922 7.5
7 114.218 8.91191 7.49036 7.5
8 136.629 20.545 7.4931 7.5
9 47.8384 7.49822 7.48039 7.5
10 69.0831 7.50837 7.48841 7.5
11 106.641 22.0449 7.49021 7.5
12 121.632 22.0139 7.48755 7.5
13 24.3334 14.9958 28.494 7.5
14 32.7974 7.4905 7.48955 7.5
15 99.2755 7.69327 7.4954 7.5
16 137.108 8.38125 20.7101 7.5
17 7.48209 23.5342 7.5403 7.5
18 76.4549 7.46865 20.5466 7.5
19 100.896 35.8741 7.46392 7.5
20 91.6532 21.5318 7.49023 7.5
21 40.3243 8.26337 20.4316 7.5
22 47.3912 21.8589 11.7877 7.5
23 84.7885 36.0575 7.4953 7.5
24 123.403 17.4053 21.6456 7.5
25 25.487 43.5548 37.1466 7.5
26 46.1967 7.8485 47.2184 7.5
27 76.6639 21.012 7.41845 7.5
28 119.023 42.5818 21.4923 7.5
29 145.007 33.6113 7.49985 7.5
30 210.667 7.51382 7.48784 7.5
31 240.622 7.57982 7.48676 7.5
32 174.389 7.49955 7.48734 7.5
33 184.663 18.4285 7.49737 7.5
34 242.508 37.542 7.48567 7.5
35 144.129 7.4944 7.48073 7.5
36 203.592 23.9738 7.47891 7.5
37 218.181 20.5205 7.49269 7.5
38 159.394 7.48827 7.49619 7.5
39 195.566 7.6632 7.49527 7.5
40 242.405 22.5445 7.49272 7.5
41 151.623 8.65187 32.6373 7.5
42 218.291 7.73397 37.3542 7.5
43 229.13 30.765 7.46574 7.5
44 156.726 24.2698 7.49533 7.5
45 169.977 18.7079 16.5323 7.5
46 225.64 7.49943 7.49571 7.5
47 164.219 7.47829 24.5933 7.5
48 184.936 7.49486 18.14 7.5
49 223.332 44.6445 31.851 7.5
2305843009213693953 7.48856 38.5265 7.49526 7.5
6917529027641081864 113.872 28.7371 18.8004 7.5
2305843009213693955 69.8309 34.3928 7.50842 7.5
6917529027641081890 242.246 8.39109 22.7332 7.5
6917529027641081862 58.4554 10.3918 17.6641 7.5
6917529027641081872 85.9666 7.54825 38.1458 7.5
2305843009213693963 115.677 38.3972 7.48559 7.5
2305843009213693964 133.531 43.2248 7.49632 7.5
2305843009213693970 62.29 47.3835 7.50203 7.5
2305843009213693977 20.5261 31.0779 7.48679 7.5
6917529027641081894 190.621 14.7712 32.3028 7.5
4611686018427387929 22.2689 48.2331 22.2488 7.5
2305843009213693980 142.211 42.0935 19.6894 7.5
6917529027641081900 151.729 14.4921 18.3102 7.5
2305843009213693986 54.7116 34.3188 7.47073 7.5
2305843009213693987 77.1663 48.995 7.4855 7.5
6917529027641081881 19.6032 22.6648 43.606 7.5
2305843009213693993 48.4832 33.4366 34.0277 7.5
2305843009213693995 104.058 42.9671 20.2867 7.5
6917529027641081879 94.7237 19.2201 34.8854 7.5
2305843009213694001 30.9083 32.8494 18.4877 7.5
2305843009213694002 76.9284 33.5977 21.0826 7.5
6917529027641081884 112.15 22.0909 32.129 7.5
2305843009213694009 174.182 29.8395 7.44486 7.5
2305843009213694010 215.482 48.2207 7.49191 7.5
4611686018427387967 155.404 49.3182 20.2602 7.5
4611686018427387968 206.025 48.1983 19.1324 7.5
2305843009213694016 176.8 44.5973 7.48065 7.5
2305843009213694017 203.454 38.9827 7.44907 7.5
2305843009213694021 147.352 49.1338 7.48962 7.5
6917529027641081892 204.478 7.49451 21.1372 7.5
4611686018427387992 207.755 42.6913 32.9774 7.5
4611686018427387979 119.797 36.8031 35.6531 7.5
2305843009213694028 189.73 32.69 7.49529 7.5
2305843009213694029 229.819 45.3156 10.8826 7.5
6917529027641081905 227.277 19.7536 33.8399 7.5
2305843009213694034 191.472 47.9824 7.48073 7.5
6917529027641081904 194.645 32.4382 34.8473 7.5
2305843009213694040 182.558 27.1108 19.5527 7.5
2305843009213694041 242.486 7.71896 40.4617 7.5
2305843009213694045 162.586 39.4414 7.49323 7.5
4611686018427387955 70.4124 46.2853 36.6008 7.5
6917529027641081901 203.347 7.80859 36.12 7.5
6917529027641081857 7.4993 7.48237 22.4779 7.5
4611686018427387962 185.515 41.8068 19.7781 7.5
4611686018427387963 241.086 44.2994 20.7944 7.5
6917529027641081886 216.034 34.1402 13.9809 7.5
6917529027641081887 230.749 18.6729 16.0982 7.5
6917529027641081858 69.0196 20.8567 20.596 7.5
6917529027641081860 129.165 31.7253 16.0779 7.5
6917529027641081859 109.699 7.50722 21.7161 7.5
6917529027641081885 142.505 26.1569 20.2736 7.5
4611686018427387905 20.2755 46.3441 7.49007 7.5
4611686018427387913 7.4927 46.543 20.2985 7.5
6917529027641081861 16.3183 34.4913 21.4671 7.5
2305843009213693978 40.0258 37.326 7.47499 7.5
6917529027641081889 204.208 21.8311 29.7769 7.5
6917529027641081903 160.045 22.7877 27.5644 7.5
6917529027641081863 92.9684 32.3695 19.6669 7.5
6917529027641081888 171.061 37.6546 19.848 7.5
4611686018427387914 62.0536 35.4169 20.4832 7.5
6917529027641081865 7.48782 22.4632 22.7934 7.5
4611686018427387922 48.4086 41.5249 19.1769 7.5
6917529027641081867 91.7601 7.483 20.4684 7.5
6917529027641081893 242.485 28.5475 21.2695 7.5
6917529027641081891 155.053 34.348 19.4188 7.5
4611686018427387974 198.678 33.4339 20.4811 7.5
6917529027641081868 153.931 28.95 40.1405 7.5
6917529027641081866 29.1698 28.6621 33.7269 7.5
6917529027641081869 10.3822 13.8905 35.7222 7.5
6917529027641081871 100.792 19.6051 21.0797 7.5
6917529027641081895 173.449 28.2243 31.3872 7.5
6917529027641081896 216.266 17.3667 22.0288 7.5
4611686018427387981 242.477 21.7707 34.6945 7.5
6917529027641081870 62.1026 7.52718 31.9285 7.5
6917529027641081897 162.757 42.4525 31.3796 7.5
6917529027641081874 39.7 22.5553 24.927 7.5
6917529027641081873 47.9041 12.2974 32.7253 7.5
6917529027641081876 134.57 22.3218 32.4133 7.5
4611686018427387938 36.308 45.8105 26.9691 7.5
6917529027641081882 59.9126 21.1028 38.7294 7.5
6917529027641081883 74.3838 16.0112 33.7455 7.5
6917529027641081875 84.0904 20.3489 20.3689 7.5
6917529027641081898 194.889 18.6964 18.4691 7.5
6917529027641081899 227.109 7.44582 25.2541 7.5
4611686018427387917 7.51931 47.221 35.2722 7.5
4611686018427387939 71.012 47.4186 21.0636 7.5
6917529027641081878 54.7293 23.0676 24.7992 7.5
6917529027641081880 127.261 7.50717 32.2317 7.5
4611686018427387947 85.9656 45.6001 20.3231 7.5
4611686018427387993 216.051 30.9281 28.6075 7.5
4611686018427387991 134.265 39.8582 32.2192 7.5
6917529027641081877 40.9312 21.4046 51.1306 7.5
4611686018427387948 101.8 33.4814 31.7195 7.5
6917529027641081902 228.91 34.8974 21.8999 7.5
4611686018427387972 209.994 79.5068 21.6535 7.5
2305843009213693954 70.4745 62.4169 7.49013 7.5
4611686018427387975 220.277 68.8431 18.4805 7.5
2305843009213693956 100.344 64.9948 7.45916 7.5
2305843009213693957 17.1212 80.825 7.49602 7.5
2305843009213693958 47.6676 78.5838 7.49188 7.5
2305843009213693959 72.4964 92.5739 7.47653 7.5
2305843009213693960 147.073 92.5012 7.48971 7.5
2305843009213693961 7.50342 69.2875 7.4849 7.5
2305843009213693962 21.087 62.7056 7.49529 7.5
4611686018427387921 66.1205 71.3378 45.374 7.5
2305843009213693965 7.61972 92.4724 7.49797 7.5
2305843009213693966 63.0011 76.55 7.48752 7.5
2305843009213693967 92.8363 78.1258 7.49557 7.5
2305843009213693968 107.818 78.4178 7.4907 7.5
2305843009213693969 7.52722 54.2532 7.46027 7.5
2305843009213693971 107.007 50.6369 7.49131 7.5
2305843009213693972 135.564 58.5935 7.46308 7.5
2305843009213693973 41.666 92.4258 7.4965 7.5
2305843009213693974 36.2665 63.941 7.49545 7.5
2305843009213693975 102.652 92.4982 7.49438 7.5
2305843009213693976 117.644 92.4934 7.4964 7.5
4611686018427387956 87.2 51.5708 34.0614 7.5
4611686018427388001 210.496 89.7775 34.2018 7.5
2305843009213693979 85.398 63.8328 7.48541 7.5
4611686018427387935 74.8795 92.3375 34.1091 7.5
2305843009213693981 8.56151 77.7409 19.8232 7.5
2305843009213693982 87.664 92.3824 7.4725 7.5
2305843009213693983 77.8597 78.609 7.44365 7.5
2305843009213693984 132.209 88.5986 7.49435 7.5
2305843009213693985 7.48903 61.7425 20.4421 7.5
4611686018427387985 151.812 59.5341 32.6088 7.5
2305843009213693988 117.357 66.862 7.47279 7.5
2305843009213693989 26.653 92.4048 7.49499 7.5
2305843009213693990 53.9568 64.5839 7.51064 7.5
2305843009213693991 113.645 57.4085 19.107 7.5
2305843009213693992 106.107 70.4791 20.1372 7.5
2305843009213693994 47.7456 50.9322 7.4922 7.5
4611686018427387960 122.371 84.7737 35.8103 7.5
2305843009213693996 121.04 79.6354 14.4363 7.5
2305843009213693997 33.7715 50.1 12.8164 7.5
2305843009213693998 53.3509 77.8277 21.3487 7.5
2305843009213693999 76.5434 66.742 34.1563 7.5
2305843009213694000 144.748 79.2826 14.1991 7.5
4611686018427387999 229.691 61.1364 32.2269 7.5
2305843009213694003 66.6913 78.8261 32.3753 7.5
2305843009213694004 121.842 52.5654 7.49339 7.5
2305843009213694005 8.53982 92.4337 22.8298 7.5
2305843009213694006 29.2655 62.0726 20.6421 7.5
2305843009213694007 95.1118 92.4632 20.5981 7.5
2305843009213694008 122.843 92.4427 22.6448 7.5
4611686018427387925 38.3016 77.9406 21.2087 7.5
4611686018427387943 88.9893 81.6645 29.0844 7.5
2305843009213694011 242.508 52.54 7.49277 7.5
2305843009213694012 158.09 77.9593 7.48213 7.5
2305843009213694013 199.608 77.1263 7.48829 7.5
2305843009213694014 211.008 62.5443 7.49185 7.5
2305843009213694015 132.734 73.323 7.48722 7.5
2305843009213694018 162.094 92.4916 7.47335 7.5
2305843009213694019 168.854 67.4003 7.49531 7.5
2305843009213694020 242.426 82.6078 7.46823 7.5
2305843009213694022 181.223 58.9199 7.49525 7.5
2305843009213694023 214.567 77.4836 7.5073 7.5
2305843009213694024 172.734 81.884 7.48131 7.5
2305843009213694025 181.387 64.8001 21.334 7.5
2305843009213694026 213.4 92.446 7.485 7.5
2305843009213694027 149.871 65.3498 7.49146 7.5
4611686018427387982 131.832 80.2411 24.8365 7.5
2305843009213694030 187.444 92.5548 21.9995 7.5
2305843009213694031 195.84 62.3353 7.49283 7.5
2305843009213694032 242.569 67.5322 7.46898 7.5
4611686018427387946 62.609 61.2251 33.4922 7.5
2305843009213694035 225.902 59.372 7.49008 7.5
2305843009213694036 159.441 63.8787 18.9386 7.5
2305843009213694037 183.411 92.4127 7.50021 7.5
2305843009213694038 229.12 74.0463 7.48569 7.5
2305843009213694039 161.393 54.3934 7.48435 7.5
4611686018427387994 156.118 79.4955 32.6122 7.5
2305843009213694042 139.158 92.5 20.2067 7.5
2305843009213694043 185.102 73.4009 7.49535 7.5
2305843009213694044 228.547 91.1707 7.49536 7.5
4611686018427387997 144.495 50.4543 42.0672 7.5
2305843009213694046 192.836 55.1794 20.5537 7.5
2305843009213694047 208.032 76.3735 40.7813 7.5
2305843009213694048 165.086 79.7061 20.6168 7.5
2305843009213694049 198.402 92.3943 7.46241 7.5
2305843009213694050 242.504 75.0962 20.4344 7.5
4611686018427387966 239.018 92.5192 18.176 7.5
4611686018427387912 109.047 86.8505 19.8291 7.5
4611686018427387965 180.057 79.6624 20.367 7.5
4611686018427387907 92.0555 50.3984 7.48931 7.5
4611686018427387910 57.1926 92.1446 7.48848 7.5
4611686018427387908 143.989 59.0281 19.8325 7.5
4611686018427387964 154.429 90.2509 20.3684 7.5
4611686018427387909 34.2197 92.3537 20.5702 7.5
4611686018427387911 77.192 75.5558 22.0657 7.5
4611686018427387961 171.788 53.7207 18.2616 7.5
4611686018427387906 45.234 64.7287 19.7191 7.5
4611686018427387918 32.3061 78.4264 7.48015 7.5
4611686018427387916 126.551 66.4655 19.2908 7.5
4611686018427388000 171.633 89.6654 32.7256 7.5
4611686018427387919 80.2785 90.1328 20.3032 7.5
4611686018427387915 64.4329 67.7996 20.1132 7.5
4611686018427387971 218.316 92.5063 21.6469 7.5
4611686018427387970 144.245 72.0181 27.3147 7.5
4611686018427387969 220.442 53.9372 20.4374 7.5
4611686018427387958 57.5187 83.8361 43.0728 7.5
4611686018427387920 147.135 91.4387 33.4274 7.5
4611686018427387976 172.682 92.5111 18.0716 7.5
4611686018427387954 51.7489 50.6728 32.7497 7.5
4611686018427387928 117.364 71.683 29.9554 7.5
4611686018427387926 49.4669 92.512 20.331 7.5
4611686018427387923 78.222 60.5373 20.2333 7.5
4611686018427388002 239.076 73.44 34.936 7.5
4611686018427387978 238.228 89.4703 59.1677 7.5
4611686018427387973 168.326 68.4351 30.1271 7.5
4611686018427387924 130.638 51.9829 20.1998 7.5
4611686018427387927 91.0379 69.9559 19.9466 7.5
4611686018427387977 203.377 66.0534 19.915 7.5
4611686018427387941 22.042 91.956 29.3588 7.5
4611686018427387983 194.996 79.3675 21.5921 7.5
4611686018427387934 66.0146 85.6172 19.0385 7.5
4611686018427387932 120.591 53.6995 31.8915 7.5
4611686018427387980 176.377 51.1083 32.2966 7.5
4611686018427387931 98.1257 56.7389 19.7944 7.5
4611686018427387984 228.741 81.8113 20.299 7.5
4611686018427387930 56.845 54.8997 19.2902 7.5
4611686018427387933 23.4444 75.8888 20.2014 7.5
4611686018427387936 109.455 92.4961 33.7164 7.5
4611686018427387998 194.157 68.2081 31.5877 7.5
4611686018427387953 24.7317 57.4839 44.0425 7.5
4611686018427387989 202.427 92.5011 21.8798 7.5
4611686018427387988 192.953 90.9155 39.0238 7.5
4611686018427387940 134.197 61.5565 31.2071 7.5
4611686018427387986 215.873 63.6086 37.5608 7.5
4611686018427387944 103.082 78.5474 33.7416 7.5
4611686018427387937 45.19 72.7882 36.1544 7.5
4611686018427387987 235.941 60.1079 18.6526 7.5
4611686018427387942 60.0408 92.3976 30.9837 7.5
4611686018427387990 242.492 90.9368 32.6774 7.5
4611686018427387995 193.478 71.5037 51.2381 7.5
4611686018427387952 126.04 63.1054 43.8398 7.5
2305843009213694033 177.379 64.8208 44.79 7.5
4611686018427387996 227.719 88.4172 33.7228 7.5
4611686018427387951 92.7112 92.3321 39.1206 7.5
4611686018427387950 43.5041 88.0422 33.3415 7.5
4611686018427387949 18.1997 59.8899 30.7616 7.5
4611686018427387945 38.8635 59.5959 32.2959 7.5
4611686018427387957 18.8991 75.4229 34.6262 7.5
4611686018427387959 74.6361 92.2464 49.2965 7.5
